######### CLASS 0 #########
Layer 5
Num nodes removed: 45
Position of nodes removed: 4, 1, 3, 7, 6, 8, 11, 10, 12, 15, 14, 16, 17, 18, 19, 20, 21, 22, 23, 24, 25, 28, 27, 29, 30, 31, 34, 36, 35, 37, 38, 47, 44, 42, 51, 52, 50, 55, 54, 56, 57, 58, 59, 60, 61, 
Layer 4
Num nodes removed: 104
Position of nodes removed: 0, 5, 7, 8, 10, 11, 14, 20, 27, 28, 29, 25, 32, 34, 19, 22, 35, 37, 39, 6, 40, 43, 44, 48, 30, 21, 18, 36, 33, 1, 50, 52, 67, 58, 78, 79, 87, 90, 92, 9, 4, 12, 63, 66, 74, 95, 103, 98, 105, 116, 119, 16, 62, 84, 118, 60, 113, 121, 47, 51, 104, 101, 125, 126, 128, 132, 136, 137, 139, 148, 149, 151, 152, 159, 167, 168, 171, 170, 176, 175, 177, 182, 190, 191, 193, 194, 195, 197, 201, 203, 211, 209, 217, 218, 42, 76, 187, 220, 226, 231, 233, 245, 240, 246, 
Layer 3
Num nodes removed: 36
Position of nodes removed: 0, 1, 2, 11, 13, 8, 12, 16, 15, 19, 21, 20, 22, 28, 32, 34, 39, 46, 40, 42, 58, 55, 50, 80, 64, 79, 82, 84, 88, 94, 93, 91, 101, 116, 119, 111, 
Layer 2
Num nodes removed: 12
Position of nodes removed: 13, 30, 15, 22, 38, 37, 42, 39, 43, 60, 55, 62, 
Layer 1
Num nodes removed: 0
Position of nodes removed: 
######### CLASS 1 #########
Layer 5
Num nodes removed: 43
Position of nodes removed: 4, 1, 3, 7, 6, 8, 11, 10, 12, 15, 14, 16, 17, 18, 19, 20, 22, 23, 24, 25, 28, 27, 29, 30, 31, 34, 36, 35, 37, 38, 47, 44, 42, 51, 52, 50, 55, 54, 56, 58, 59, 60, 61, 
Layer 4
Num nodes removed: 111
Position of nodes removed: 1, 4, 5, 7, 8, 10, 11, 19, 14, 0, 9, 13, 16, 20, 22, 17, 18, 21, 25, 27, 28, 29, 30, 32, 35, 37, 39, 34, 40, 43, 48, 47, 31, 41, 50, 51, 52, 64, 36, 49, 33, 58, 63, 42, 66, 67, 77, 78, 79, 87, 90, 92, 61, 94, 45, 59, 95, 98, 103, 105, 116, 113, 119, 118, 121, 44, 54, 84, 115, 114, 125, 126, 128, 136, 139, 148, 149, 151, 152, 157, 138, 156, 122, 6, 74, 159, 167, 168, 170, 171, 172, 176, 177, 175, 190, 182, 194, 193, 195, 197, 201, 211, 203, 217, 209, 226, 220, 233, 231, 245, 240, 
Layer 3
Num nodes removed: 36
Position of nodes removed: 0, 1, 2, 11, 8, 12, 16, 13, 15, 19, 21, 20, 22, 34, 39, 28, 32, 46, 40, 42, 58, 50, 80, 55, 64, 79, 88, 82, 84, 94, 93, 91, 101, 111, 119, 116, 
Layer 2
Num nodes removed: 11
Position of nodes removed: 22, 13, 30, 38, 15, 37, 42, 39, 60, 43, 62, 
Layer 1
Num nodes removed: 0
Position of nodes removed: 
######### CLASS 2 #########
Layer 5
Num nodes removed: 43
Position of nodes removed: 4, 1, 3, 7, 6, 8, 11, 10, 14, 16, 15, 17, 18, 19, 20, 21, 22, 23, 24, 25, 28, 27, 29, 30, 31, 34, 36, 35, 37, 38, 47, 44, 42, 51, 52, 50, 55, 54, 56, 58, 59, 60, 61, 
Layer 4
Num nodes removed: 100
Position of nodes removed: 2, 4, 5, 7, 8, 9, 10, 11, 13, 18, 19, 20, 27, 28, 25, 29, 3, 22, 32, 35, 37, 40, 41, 30, 39, 43, 50, 51, 52, 67, 58, 75, 26, 36, 42, 71, 47, 64, 24, 66, 31, 54, 78, 72, 79, 87, 90, 94, 61, 95, 98, 103, 105, 116, 113, 121, 84, 77, 49, 62, 125, 107, 126, 118, 136, 128, 139, 132, 142, 74, 149, 152, 148, 151, 159, 167, 168, 170, 171, 175, 177, 176, 182, 190, 189, 191, 194, 193, 195, 197, 211, 203, 209, 217, 226, 220, 231, 245, 233, 240, 
Layer 3
Num nodes removed: 35
Position of nodes removed: 0, 1, 2, 11, 8, 12, 16, 13, 15, 19, 21, 20, 22, 34, 39, 28, 32, 46, 40, 42, 58, 50, 55, 79, 64, 88, 82, 84, 80, 94, 93, 91, 111, 119, 116, 
Layer 2
Num nodes removed: 10
Position of nodes removed: 13, 22, 15, 38, 37, 30, 42, 39, 43, 60, 
Layer 1
Num nodes removed: 0
Position of nodes removed: 
######### CLASS 3 #########
Layer 5
Num nodes removed: 42
Position of nodes removed: 4, 1, 3, 7, 6, 8, 11, 10, 14, 16, 15, 17, 18, 19, 20, 22, 23, 24, 25, 28, 27, 29, 30, 31, 34, 36, 35, 37, 38, 47, 44, 42, 51, 52, 50, 55, 54, 56, 58, 59, 60, 61, 
Layer 4
Num nodes removed: 115
Position of nodes removed: 1, 4, 5, 7, 8, 9, 10, 14, 20, 11, 32, 27, 33, 39, 35, 37, 40, 43, 48, 16, 18, 19, 22, 30, 0, 2, 23, 29, 44, 25, 28, 31, 51, 47, 50, 52, 54, 65, 56, 58, 67, 78, 71, 79, 66, 62, 55, 72, 87, 90, 92, 76, 73, 84, 61, 80, 41, 74, 93, 96, 86, 95, 98, 99, 83, 103, 105, 116, 121, 104, 118, 119, 125, 126, 133, 42, 128, 136, 138, 113, 123, 139, 149, 148, 151, 152, 159, 167, 168, 171, 170, 175, 177, 176, 190, 189, 155, 182, 191, 194, 193, 195, 197, 201, 209, 203, 211, 217, 226, 220, 233, 231, 240, 245, 246, 
Layer 3
Num nodes removed: 36
Position of nodes removed: 0, 1, 11, 8, 12, 16, 13, 15, 19, 21, 20, 22, 34, 28, 32, 39, 46, 40, 42, 51, 50, 58, 55, 79, 64, 88, 82, 84, 80, 94, 91, 93, 116, 101, 119, 111, 
Layer 2
Num nodes removed: 10
Position of nodes removed: 22, 13, 15, 37, 39, 30, 38, 42, 43, 60, 
Layer 1
Num nodes removed: 1
Position of nodes removed: 26, 
######### CLASS 4 #########
Layer 5
Num nodes removed: 44
Position of nodes removed: 4, 1, 3, 7, 6, 8, 11, 10, 14, 16, 15, 17, 18, 19, 20, 21, 22, 23, 24, 25, 28, 27, 29, 30, 31, 32, 35, 34, 36, 37, 38, 47, 44, 42, 51, 52, 50, 55, 54, 56, 58, 59, 60, 61, 
Layer 4
Num nodes removed: 118
Position of nodes removed: 2, 5, 7, 8, 10, 4, 9, 11, 16, 13, 19, 20, 25, 1, 21, 27, 28, 30, 22, 18, 31, 32, 35, 40, 37, 39, 41, 43, 48, 52, 50, 67, 58, 75, 26, 29, 34, 64, 59, 70, 42, 54, 55, 56, 78, 79, 82, 77, 87, 86, 92, 47, 90, 91, 95, 98, 105, 103, 116, 113, 118, 119, 63, 93, 122, 74, 121, 94, 65, 51, 110, 125, 126, 128, 133, 136, 138, 83, 84, 73, 132, 139, 148, 149, 151, 152, 159, 166, 167, 168, 170, 171, 176, 177, 175, 182, 189, 191, 62, 193, 190, 194, 195, 197, 201, 217, 203, 211, 209, 226, 220, 229, 231, 240, 233, 244, 245, 246, 
Layer 3
Num nodes removed: 37
Position of nodes removed: 0, 1, 2, 12, 8, 11, 13, 16, 15, 19, 21, 20, 22, 33, 28, 32, 39, 34, 46, 40, 42, 58, 50, 64, 55, 80, 79, 94, 82, 91, 84, 88, 93, 111, 101, 119, 116, 
Layer 2
Num nodes removed: 10
Position of nodes removed: 13, 22, 30, 15, 38, 39, 37, 42, 43, 60, 
Layer 1
Num nodes removed: 6
Position of nodes removed: 26, 21, 15, 5, 6, 17, 
######### CLASS 5 #########
Layer 5
Num nodes removed: 44
Position of nodes removed: 4, 1, 3, 7, 6, 8, 11, 10, 12, 15, 14, 16, 17, 18, 19, 20, 21, 22, 23, 24, 25, 28, 27, 29, 30, 31, 34, 36, 35, 37, 38, 47, 44, 42, 51, 52, 50, 55, 54, 56, 58, 59, 60, 61, 
Layer 4
Num nodes removed: 103
Position of nodes removed: 0, 5, 6, 7, 8, 11, 18, 20, 21, 10, 4, 2, 14, 13, 22, 25, 30, 27, 29, 32, 35, 37, 40, 39, 41, 43, 50, 52, 54, 58, 59, 28, 64, 9, 61, 1, 51, 66, 63, 67, 78, 79, 87, 90, 92, 19, 86, 95, 105, 98, 116, 113, 118, 121, 33, 125, 126, 128, 136, 137, 139, 148, 149, 152, 151, 159, 163, 48, 83, 74, 104, 133, 147, 82, 103, 167, 164, 168, 170, 171, 175, 177, 176, 190, 182, 191, 186, 194, 193, 195, 197, 201, 211, 203, 209, 217, 226, 220, 231, 233, 240, 245, 246, 
Layer 3
Num nodes removed: 35
Position of nodes removed: 0, 1, 11, 8, 12, 16, 13, 15, 19, 21, 20, 22, 34, 28, 32, 39, 40, 46, 42, 51, 50, 58, 80, 55, 64, 88, 82, 79, 84, 91, 93, 111, 94, 119, 116, 
Layer 2
Num nodes removed: 10
Position of nodes removed: 13, 30, 22, 15, 37, 38, 39, 42, 43, 60, 
Layer 1
Num nodes removed: 1
Position of nodes removed: 26, 
######### CLASS 6 #########
Layer 5
Num nodes removed: 45
Position of nodes removed: 4, 1, 3, 7, 6, 8, 11, 10, 12, 15, 14, 16, 17, 18, 19, 20, 21, 22, 23, 24, 25, 28, 27, 29, 30, 31, 34, 36, 35, 37, 38, 47, 40, 42, 44, 51, 52, 50, 55, 54, 56, 58, 59, 60, 61, 
Layer 4
Num nodes removed: 111
Position of nodes removed: 2, 1, 4, 5, 7, 8, 11, 18, 19, 6, 12, 14, 13, 16, 20, 21, 10, 26, 22, 27, 28, 30, 29, 32, 35, 37, 40, 43, 47, 48, 39, 50, 52, 54, 59, 58, 64, 49, 56, 63, 67, 78, 79, 84, 75, 87, 92, 41, 90, 91, 65, 94, 74, 95, 96, 98, 105, 103, 111, 116, 113, 119, 120, 118, 125, 126, 128, 133, 122, 136, 138, 131, 86, 139, 148, 151, 149, 152, 159, 167, 168, 170, 171, 175, 177, 176, 179, 190, 182, 193, 194, 195, 197, 201, 203, 211, 209, 217, 226, 220, 231, 236, 216, 77, 82, 214, 166, 233, 240, 245, 246, 
Layer 3
Num nodes removed: 36
Position of nodes removed: 0, 1, 8, 11, 12, 16, 13, 15, 19, 21, 20, 22, 32, 34, 28, 39, 40, 46, 42, 58, 50, 55, 79, 64, 80, 85, 82, 88, 84, 93, 91, 94, 101, 116, 119, 111, 
Layer 2
Num nodes removed: 10
Position of nodes removed: 13, 22, 15, 30, 37, 38, 39, 42, 43, 60, 
Layer 1
Num nodes removed: 0
Position of nodes removed: 
######### CLASS 7 #########
Layer 5
Num nodes removed: 42
Position of nodes removed: 4, 1, 3, 7, 6, 8, 11, 10, 14, 16, 15, 17, 18, 19, 20, 22, 23, 24, 25, 28, 27, 29, 30, 31, 35, 34, 36, 37, 38, 47, 44, 42, 51, 52, 50, 55, 54, 56, 58, 59, 60, 61, 
Layer 4
Num nodes removed: 115
Position of nodes removed: 0, 2, 1, 5, 7, 8, 11, 13, 16, 4, 20, 25, 9, 19, 27, 28, 30, 18, 22, 29, 32, 35, 36, 10, 37, 39, 40, 41, 43, 49, 24, 50, 52, 54, 66, 42, 51, 58, 67, 76, 31, 78, 79, 84, 48, 77, 87, 90, 92, 56, 86, 94, 55, 95, 98, 99, 47, 61, 83, 103, 105, 114, 82, 113, 116, 121, 59, 93, 104, 12, 115, 110, 74, 118, 125, 126, 128, 136, 137, 139, 147, 119, 149, 148, 151, 152, 159, 163, 14, 167, 168, 171, 170, 175, 177, 176, 180, 190, 182, 191, 193, 194, 195, 197, 201, 203, 217, 209, 211, 220, 226, 231, 233, 245, 240, 
Layer 3
Num nodes removed: 36
Position of nodes removed: 0, 1, 2, 12, 8, 11, 13, 16, 15, 19, 21, 20, 22, 34, 28, 32, 40, 46, 39, 42, 58, 50, 55, 64, 80, 79, 82, 84, 88, 93, 94, 91, 116, 101, 119, 111, 
Layer 2
Num nodes removed: 10
Position of nodes removed: 13, 38, 22, 15, 37, 42, 30, 39, 60, 43, 
Layer 1
Num nodes removed: 6
Position of nodes removed: 26, 19, 21, 5, 6, 15, 
######### CLASS 8 #########
Layer 5
Num nodes removed: 44
Position of nodes removed: 4, 1, 3, 7, 6, 8, 11, 10, 12, 15, 14, 16, 17, 18, 19, 20, 21, 22, 23, 24, 25, 28, 27, 29, 30, 31, 34, 36, 35, 37, 38, 47, 44, 42, 51, 52, 50, 55, 54, 56, 58, 59, 60, 61, 
Layer 4
Num nodes removed: 108
Position of nodes removed: 0, 2, 5, 7, 8, 9, 10, 11, 14, 18, 19, 1, 20, 21, 22, 4, 27, 28, 30, 29, 31, 32, 35, 37, 40, 43, 48, 39, 44, 25, 41, 16, 47, 50, 51, 52, 54, 45, 59, 58, 60, 64, 62, 66, 55, 63, 67, 78, 79, 87, 90, 92, 42, 95, 98, 103, 104, 13, 94, 105, 116, 113, 118, 125, 126, 128, 139, 136, 148, 149, 151, 152, 159, 167, 168, 170, 171, 175, 177, 176, 190, 182, 191, 193, 194, 195, 197, 201, 203, 209, 211, 216, 49, 96, 17, 91, 121, 133, 204, 34, 138, 217, 226, 220, 231, 233, 240, 245, 
Layer 3
Num nodes removed: 35
Position of nodes removed: 0, 1, 2, 8, 11, 12, 16, 13, 15, 19, 21, 20, 22, 28, 32, 34, 39, 40, 46, 42, 58, 50, 79, 55, 64, 80, 84, 82, 91, 88, 93, 94, 111, 119, 116, 
Layer 2
Num nodes removed: 10
Position of nodes removed: 30, 13, 22, 37, 15, 38, 39, 42, 43, 60, 
Layer 1
Num nodes removed: 5
Position of nodes removed: 26, 17, 6, 19, 5, 
######### CLASS 9 #########
Layer 5
Num nodes removed: 45
Position of nodes removed: 4, 1, 3, 7, 6, 8, 11, 10, 12, 15, 14, 16, 17, 18, 19, 20, 21, 22, 23, 24, 25, 28, 27, 29, 30, 31, 34, 36, 35, 37, 38, 47, 44, 42, 51, 52, 50, 55, 54, 56, 57, 58, 59, 60, 61, 
Layer 4
Num nodes removed: 115
Position of nodes removed: 1, 5, 7, 8, 10, 11, 16, 14, 2, 20, 25, 4, 13, 12, 27, 28, 29, 6, 18, 22, 30, 31, 32, 35, 36, 37, 39, 9, 40, 42, 43, 48, 49, 19, 47, 41, 50, 52, 66, 0, 26, 54, 58, 64, 17, 51, 63, 56, 67, 77, 34, 78, 79, 84, 87, 90, 92, 61, 75, 74, 95, 98, 103, 105, 111, 104, 83, 33, 113, 116, 114, 94, 119, 115, 93, 65, 118, 121, 91, 125, 126, 128, 136, 138, 139, 148, 149, 152, 151, 159, 167, 168, 171, 170, 176, 175, 177, 183, 182, 190, 193, 194, 195, 197, 201, 211, 203, 209, 217, 226, 220, 231, 233, 240, 245, 
Layer 3
Num nodes removed: 35
Position of nodes removed: 0, 1, 2, 11, 8, 12, 16, 13, 15, 19, 21, 20, 22, 34, 28, 32, 39, 40, 42, 46, 58, 50, 80, 55, 64, 79, 82, 84, 88, 94, 93, 91, 111, 119, 116, 
Layer 2
Num nodes removed: 10
Position of nodes removed: 22, 13, 30, 38, 15, 39, 37, 42, 43, 60, 
Layer 1
Num nodes removed: 1
Position of nodes removed: 26, 
