3 22 24 44 97 109 120 130 150 160 206 211 245 252 277 284 288 295 305 308 309 345 428 437 440 457 520 535 536 552 592 593 640 652 685 706 707 718 752 762 800 821 933 953 957 982 985 1006 1014 1042 1100 1112 1157 1187 1244 1261 1263 1287 1299 1315 1322 1366 1383 1430 1458 1484 1490 1496 1513 1569 1581 1593 1596 1629 1633 1650 1667 1693 1700 1720 1744 1758 1770 1781 1786 1788 1806 1851 1882 1883 1905 1908 1913 1916 1964 1989 1994 2013 2046 2051 2065 2069 2084 2085 2093 2124 2160 2166 2182 2210 2212 2223 2239 2264 2285 2288 2293 2296 2310 2313 2327 2344 2345 2347 2375 2390 2407 2500 2505 2506 2534 2559 2565 2576 2644 2657 2661 2664 2691 2756 2811 2829 2834 2838 2859 2910 2923 2929 2959 2965 2969 3007 3022 3041 3046 3165 3179 3180 3185 3191 3193 3195 3225 3237 3256 3279 3282 3321 3367 3382 3401 3427 3434 3450 3462 3483 3546 3585 3591 3613 3638 3639 3644 3667 3675 3679 3791 3827 3830 3857 3865 3873 3883 3886 3891 3905 3927 3972 3994 4003 4016 4020 4045 4049 4070 4079 4086 
10 43 62 71 84 88 89 132 138 155 156 167 169 187 216 245 255 259 312 316 317 323 346 368 388 396 405 421 456 459 462 472 482 491 495 503 526 538 547 574 603 623 624 627 636 652 657 673 683 713 728 797 808 812 817 824 830 834 842 856 879 900 918 947 950 953 957 983 984 996 1011 1046 1066 1068 1070 1140 1158 1160 1230 1231 1253 1268 1294 1351 1391 1395 1398 1405 1431 1436 1478 1498 1516 1518 1531 1538 1541 1544 1564 1582 1592 1617 1626 1635 1640 1645 1647 1701 1702 1711 1719 1732 1734 1743 1759 1769 1772 1778 1832 1839 1843 1858 1885 1888 1892 1938 1959 1961 1978 1986 1994 1999 2005 2010 2030 2032 2035 2051 2052 2069 2070 2088 2099 2114 2134 2142 2170 2199 2221 2259 2270 2276 2341 2354 2358 2382 2386 2413 2415 2422 2441 2443 2455 2456 2457 2465 2470 2487 2499 2503 2536 2540 2541 2561 2573 2581 2594 2598 2619 2624 2655 2660 2665 2671 2681 2705 2707 2713 2723 2731 2749 2757 2758 2775 2811 2825 2837 2878 2903 2906 2914 2922 2934 2951 2957 2977 2987 3007 3008 3011 3026 3044 3055 3058 3068 3080 3105 3143 3154 3169 3204 3214 3216 3227 3236 3270 3280 3286 3287 3295 3326 3337 3355 3358 3373 3377 3382 3385 3405 3416 3417 3445 3483 3544 3551 3553 3609 3615 3622 3623 3639 3674 3680 3693 3694 3701 3721 3729 3730 3759 3761 3766 3768 3782 3790 3791 3795 3797 3807 3827 3889 3890 3908 3914 3921 3928 3932 3978 3994 3995 4001 4003 4041 4049 4089 4090 4091 
36 45 78 112 124 145 224 272 301 307 358 
26 33 44 57 65 76 123 153 180 192 248 253 279 310 323 328 333 336 344 354 356 364 389 400 412 423 478 499 
5 18 35 38 50 61 73 90 99 103 104 112 144 150 156 162 167 170 175 200 216 246 251 257 259 273 282 286 292 297 299 329 332 335 343 353 363 378 382 387 404 409 417 421 424 427 446 448 451 464 487 501 
1 5 6 12 14 29 31 40 55 62 63 79 84 89 96 102 106 108 109 119 120 125 130 131 132 145 165 168 170 176 181 183 189 192 204 217 219 227 241 249 250 263 268 269 271 278 283 288 309 319 321 331 337 340 347 350 354 384 394 405 414 420 421 422 424 435 437 440 444 447 448 453 455 459 460 479 490 493 500 501 506 508 509 511 
3 5 7 11 14 15 24 26 28 30 37 40 41 42 46 49 54 56 69 76 79 88 91 96 101 105 106 110 111 112 117 124 126 127 130 134 142 146 147 149 160 165 166 167 168 177 183 184 189 192 201 207 208 209 210 211 212 213 214 220 222 226 229 233 238 245 246 247 249 260 263 268 272 275 286 287 291 292 298 300 304 310 313 314 315 317 319 322 323 326 329 332 335 337 341 342 345 346 348 352 364 371 372 379 380 381 392 403 404 406 414 417 418 419 422 424 428 449 451 453 457 463 464 472 473 474 476 485 486 490 491 494 496 497 504 508 511 
3 5 9 13 15 17 19 23 26 28 29 34 37 41 42 46 51 53 61 62 64 65 66 69 73 76 78 80 82 85 87 90 92 94 95 96 97 104 105 107 109 111 119 122 129 131 135 136 139 140 142 146 148 159 162 165 171 172 177 181 182 183 187 206 212 219 221 225 227 234 241 243 248 254 262 263 268 269 272 273 275 277 278 280 281 282 284 285 286 287 293 297 315 316 320 329 331 332 341 344 345 348 355 366 376 382 383 384 385 393 397 402 406 407 409 411 414 416 418 431 435 437 451 452 454 457 462 465 471 474 478 482 483 491 493 499 501 509 511 
4 6 7 8 9 11 12 13 15 17 22 23 27 28 32 33 35 39 41 45 49 53 54 58 60 62 66 67 69 70 82 87 90 92 97 98 99 104 106 107 108 109 110 112 115 117 119 120 123 124 126 137 138 139 140 153 154 155 160 162 165 177 184 193 199 202 209 210 211 212 213 214 217 219 223 229 240 243 252 
3 5 8 11 13 22 27 28 35 40 44 46 48 53 54 57 60 71 82 83 87 88 90 94 95 97 98 103 105 107 111 113 120 121 122 128 129 135 140 144 146 148 149 155 156 168 169 174 175 183 189 192 194 196 197 201 202 203 204 205 206 208 218 223 224 225 226 229 231 233 234 243 252 
2 4 7 10 13 14 15 16 19 20 22 24 25 30 32 34 35 37 39 47 48 49 51 55 57 60 61 63 66 68 69 71 75 76 78 79 86 92 94 97 100 101 105 106 107 108 109 115 117 123 124 130 131 136 137 145 147 149 151 157 159 162 165 166 170 175 178 181 185 186 188 191 194 195 199 207 211 216 218 219 220 221 229 231 236 237 248 251 
4 8 10 12 13 15 20 21 40 42 43 54 60 62 68 70 71 73 75 78 79 80 85 87 88 90 93 95 97 99 112 118 121 123 
0 1 3 6 8 12 16 17 20 22 24 25 34 37 40 44 53 58 60 67 72 75 79 80 87 90 91 105 109 116 
1 4 5 7 12 17 19 20 21 22 23 25 41 47 48 56 61 
0 1 3 8 9 10 24 34 38 40 48 49 56 57 
